0.2924471397 0.2920370542 
0.273094326 0.2726942485 
0.2548397349 0.2544494697 
0.237625739 0.2372453074 
0.2213980597 0.2210274747 
0.2061054962 0.2057446466 
0.1916995448 0.1913482712 
0.1781341106 0.1777924045 
0.1653653968 0.1650335372 
0.1533519488 0.1530304405 
0.1420546388 0.1417440263 
0.1314365023 0.1311372235 
0.121462474 0.1211748707 
0.1120992127 0.1118236203 
0.1033150342 0.1030518312 
0.0950799541 0.0948294668 
0.0873656586 0.0871280009 
0.0801453406 0.0799203253 
0.0733934875 0.0731806669 
0.0670857231 0.0668845189 
0.0611987038 0.0610085688 
0.0557101129 0.055530639 
0.0505987202 0.0504296287 
0.0458443929 0.0456854649 
0.0414280186 0.0412790432 
0.0373314161 0.0371921815 
0.0335372399 0.033407565 
0.0300289236 0.0299087072 
0.0267906444 0.0266799063 
0.0238072992 0.0237062012 
0.02106453 0.0209733456 
0.0185487375 0.0184677633 
0.0162471072 0.0161765225 
0.0141475457 0.0140873051 
0.0122386206 0.0121883789 
0.0105093882 0.0104685664 
0.0089490818 0.0089172233 
0.0075470777 0.0075242161 
0.0062934197 0.0062798928 
0.0051793371 0.0051750642 
0.0041965729 0.0042009845 
0.0033368458 0.0033493268 
0.0025926769 0.0026121666 
0.0019557546 0.0019819612 
0.0014168583 0.0014515334 
0.0009702535 0.0010140606 
0.0006118542 0.0006630527 
0.0003357647 0.0003923501 
0.0001349204 0.000196102 
2.629300013e-06 6.875770003e-05 
-6.654599997e-05 5.051900018e-06 
-7.719019999e-05 0 
-3.369959995e-05 4.887080001e-05 
5.953420003e-05 0.0001471943 
0.0001983116 0.0002907372 
0.0003786808 0.0004755063 
0.0005968659 0.0006977309 
0.0008492843 0.0009538644 
0.0011325651 0.0012405697 
0.0014435984 0.0015547209 
0.0017794983 0.0018933936 
0.0021375711 0.0022538557 
0.0025152818 0.0026335654 
0.0029102608 0.0030301697 
0.0033202991 0.0034414926 
0.003743362 0.0038655375 
0.0041775977 0.0043004786 
0.0046213366 0.0047446606 
0.0050730908 0.0051965985 
0.0055315449 0.0056549674 
0.0059955578 0.0061186125 
0.0064641392 0.0065865356 
0.0069364582 0.0070579019 
0.0074118357 0.0075320357 
0.0078897496 0.0080084186 
0.0083698305 0.0084866909 
0.00885187 0.0089666494 
0.0093358226 0.0094482482 
0.0098218045 0.0099316044 
0.0103100936 0.0104169946 
0.0108011293 0.0109048553 
0.0112955138 0.0113957925 
0.0117940164 0.0118905767 
0.0122975697 0.0123901499 
0.0128072795 0.0128956245 
0.0133244285 0.01340829 
0.0138504692 0.0139296135 
0.0143870421 0.0144612435 
0.0149359768 0.0150050135 
0.015499284 0.0155629461 
0.0160791799 0.0161372605 
0.016678072 0.0167303747 
0.0172985783 0.0173449144 
0.0179435398 0.0179837258 
0.0186160101 0.0186498747 
0.0193192765 0.0193466557 
0.0200568681 0.0200776086 
0.0208325501 0.0208465096 
0.0216503504 0.0216573934 
0.022514551 0.022514551 
0.0234297073 0.0234225453 
0.0244006608 0.0243862205 
0.0254325436 0.0254107126 
0.0265307969 0.0265014644 
0.0277011816 0.0276642359 
0.0289497876 0.0289051182 
0.030283055 0.0302305498 
0.0317077829 0.0316473271 
0.0332311438 0.0331626219 
0.0348607002 0.0347839916 
0.0366044205 0.0365194029 
0.038470699 0.0383772461 
0.0404683725 0.0403663542 
0.0426067445 0.0424960263 
0.044895602 0.0447760452 
0.0473452422 0.0472167016 
0.0499664854 0.0498288115 
0.0527707066 0.0526237445 
0.0557698613 0.0556134514 
0.0589765119 0.0588104901 
0.0624038627 0.0622280584 
0.0660657806 0.0658800194 
0.0699768386 0.0697809395 
0.0741523362 0.0739461151 
0.0786083432 0.0783916098 
0.0833617293 0.0831342902 
0.0884302226 0.0881918791 
0.0938324479 0.0935829989 
0.099587983 0.0993272223 
0.1057174067 0.1054451265 
0.112242338 0.1119583265 
0.1191854824 0.118889524 
0.1265707 0.126262577 
0.1344230701 0.1341025644 
0.1427689796 0.1424358685 
0.1516362003 0.1512902594 
0.1610539827 0.1606949875 
0.1710531624 0.1706808852 
0.1816662484 0.1812804617 
0.1929275179 0.1925279927 
0.2048730929 0.2044595994 
0.2175410144 0.2171133207 
0.2309713519 0.2305292263 
0.2452063418 0.2447495503 
0.2602905149 0.2598188211 
0.2762708758 0.2757840458 
0.2931971176 0.2926949075 
0.3111217696 0.310603937 
0.3301003653 0.3295666636 
0.3501915817 0.3496417612 
0.3714574541 0.3708912612 
0.3939636487 0.393380825 
0.4177797391 0.4171800208 
0.4429794446 0.4423625649 
0.4696408927 0.4690065781 
0.4978468828 0.4971948512 
0.5276852207 0.5270151878 
0.5592491259 0.5585607955 
0.5926376581 0.5919307266 
0.6279560199 0.6272301755 
0.6653157026 0.6645706226 
0.7048346682 0.7040700155 
0.7466377687 0.7458531958 
0.7908575376 0.7900526801 
0.8376350791 0.8368095577 
