-305.0349914468 -305.0372259664 1.811402
-305.0543442605 -305.0565687721 1.803415
-305.0725988516 -305.0748135509 1.795428
-305.0898128475 -305.0920177132 1.787441
-305.1060405268 -305.1082355459 1.779454
-305.1213330903 -305.1235183740 1.771467
-305.1357390417 -305.1379147494 1.763480
-305.1493044759 -305.1514706161 1.755494
-305.1620731897 -305.1642294834 1.747507
-305.1740866377 -305.1762325801 1.739521
-305.1853839477 -305.1875189943 1.731535
-305.1960020842 -305.1981257971 1.723548
-305.2059761125 -305.2080881499 1.715562
-305.2153393738 -305.2174394003 1.707577
-305.2241235523 -305.2262111894 1.699591
-305.2323586324 -305.2344335538 1.691605
-305.2400729279 -305.2421350197 1.683620
-305.2472932459 -305.2493426953 1.675635
-305.2540450990 -305.2560823537 1.667649
-305.2603528634 -305.2623785017 1.659664
-305.2662398827 -305.2682544518 1.651679
-305.2717284736 -305.2737323816 1.643695
-305.2768398663 -305.2788333919 1.635710
-305.2815941936 -305.2835775557 1.627726
-305.2860105679 -305.2879839774 1.619741
-305.2901071704 -305.2920708391 1.611757
-305.2939013466 -305.2958554556 1.603773
-305.2974096629 -305.2993543134 1.595790
-305.3006479421 -305.3025831143 1.587806
-305.3036312873 -305.3055568194 1.579822
-305.3063740565 -305.3082896750 1.571839
-305.3088898490 -305.3107952573 1.563856
-305.3111914793 -305.3130864981 1.555873
-305.3132910408 -305.3151757155 1.547890
-305.3151999659 -305.3170746417 1.539908
-305.3169291983 -305.3187944542 1.531925
-305.3184895047 -305.3203457973 1.523943
-305.3198915088 -305.3217388045 1.515961
-305.3211451668 -305.3229831278 1.507979
-305.3222592494 -305.3240879564 1.499997
-305.3232420136 -305.3250620361 1.492016
-305.3241017407 -305.3259136938 1.484035
-305.3248459096 -305.3266508540 1.476054
-305.3254828319 -305.3272810594 1.468073
-305.3260217282 -305.3278114872 1.460092
-305.3264683330 -305.3282489600 1.452112
-305.3268267323 -305.3285999679 1.444131
-305.3271028218 -305.3288706705 1.436151
-305.3273036661 -305.3290669186 1.428172
-305.3274359572 -305.3291942629 1.420192
-305.3275051325 -305.3292579687 1.412213
-305.3275157767 -305.3292630206 1.404234
-305.3274722861 -305.3292141498 1.396255
-305.3273790523 -305.3291158263 1.388276
-305.3272402749 -305.3289722834 1.380298
-305.3270599057 -305.3287875143 1.372320
-305.3268417206 -305.3285652897 1.364342
-305.3265893022 -305.3283091562 1.356364
-305.3263060214 -305.3280224509 1.348387
-305.3259949881 -305.3277082997 1.340410
-305.3256590882 -305.3273696270 1.332433
-305.3253010154 -305.3270091649 1.324456
-305.3249233047 -305.3266294552 1.316480
-305.3245283257 -305.3262328509 1.308504
-305.3241182874 -305.3258215280 1.300529
-305.3236952245 -305.3253974831 1.292553
-305.3232609888 -305.3249625420 1.284578
-305.3228172499 -305.3245183600 1.276604
-305.3223654957 -305.3240664221 1.268629
-305.3219070416 -305.3236080532 1.260655
-305.3214430287 -305.3231444081 1.252681
-305.3209744473 -305.3226764850 1.244708
-305.3205021283 -305.3222051187 1.236735
-305.3200267508 -305.3217309849 1.228762
-305.3195488369 -305.3212546020 1.220790
-305.3190687560 -305.3207763297 1.212818
-305.3185867165 -305.3202963712 1.204846
-305.3181027639 -305.3198147724 1.196875
-305.3176167820 -305.3193314162 1.188904
-305.3171284929 -305.3188460260 1.180934
-305.3166374572 -305.3183581653 1.172964
-305.3161430727 -305.3178672281 1.164994
-305.3156445701 -305.3173724439 1.157025
-305.3151410168 -305.3168728707 1.149056
-305.3146313070 -305.3163673961 1.141088
-305.3141141580 -305.3158547306 1.133120
-305.3135881173 -305.3153334071 1.125152
-305.3130515444 -305.3148017771 1.117185
-305.3125026097 -305.3142580071 1.109219
-305.3119393025 -305.3137000745 1.101253
-305.3113594066 -305.3131257601 1.093287
-305.3107605145 -305.3125326459 1.085322
-305.3101400082 -305.3119181062 1.077358
-305.3094950467 -305.3112792948 1.069394
-305.3088225764 -305.3106131459 1.061430
-305.3081193100 -305.3099163649 1.053467
-305.3073817184 -305.3091854120 1.045505
-305.3066060364 -305.3084165110 1.037543
-305.3057882361 -305.3076056272 1.029582
-305.3049240355 -305.3067484696 1.021622
-305.3040088792 -305.3058404753 1.013662
-305.3030379257 -305.3048768001 1.005702
-305.3020060429 -305.3038523080 0.997744
-305.3009077896 -305.3027615562 0.989786
-305.2997374049 -305.3015987847 0.981829
-305.2984887989 -305.3003579024 0.973872
-305.2971555315 -305.2990324708 0.965916
-305.2957308036 -305.2976156935 0.957961
-305.2942074427 -305.2961003987 0.950007
-305.2925778863 -305.2944790290 0.942053
-305.2908341660 -305.2927436177 0.934100
-305.2889678875 -305.2908857745 0.926148
-305.2869702140 -305.2888966664 0.918197
-305.2848318420 -305.2867669943 0.910247
-305.2825429845 -305.2844869754 0.902297
-305.2800933443 -305.2820463190 0.894349
-305.2774721011 -305.2794342091 0.886401
-305.2746678799 -305.2766392761 0.878455
-305.2716687252 -305.2736495692 0.870509
-305.2684620746 -305.2704525305 0.862564
-305.2650347238 -305.2670349622 0.854621
-305.2613728059 -305.2633830012 0.846678
-305.2574617479 -305.2594820811 0.838737
-305.2532862503 -305.2553169055 0.830796
-305.2488302433 -305.2508714108 0.822857
-305.2440768572 -305.2461287304 0.814919
-305.2390083639 -305.2410711415 0.806982
-305.2336061386 -305.2356800217 0.799047
-305.2278506035 -305.2299357983 0.791112
-305.2217211798 -305.2238178941 0.783180
-305.2151962485 -305.2173046941 0.775248
-305.2082531041 -305.2103734966 0.767318
-305.2008678865 -305.2030004436 0.759389
-305.1930155164 -305.1951604562 0.751462
-305.1846696069 -305.1868271521 0.743537
-305.1758023862 -305.1779727612 0.735613
-305.1663846038 -305.1685680331 0.727691
-305.1563854241 -305.1585821354 0.719770
-305.1457723381 -305.1479825589 0.711851
-305.1345110686 -305.1367350279 0.703934
-305.1225654936 -305.1248034212 0.696019
-305.1098975721 -305.1121496999 0.688106
-305.0964672346 -305.0987337943 0.680195
-305.0822322447 -305.0845134703 0.672286
-305.0671480716 -305.0694441995 0.664379
-305.0511677107 -305.0534789748 0.656475
-305.0342414689 -305.0365681131 0.648573
-305.0163168169 -305.0186590836 0.640673
-304.9973382212 -304.9996963570 0.632776
-304.9772470048 -304.9796212594 0.624881
-304.9559811324 -304.9583717594 0.616989
-304.9334749378 -304.9358821956 0.609100
-304.9096588474 -304.9120829998 0.601214
-304.8844591419 -304.8869004557 0.593331
-304.8577976938 -304.8602564425 0.585451
-304.8295917037 -304.8320681694 0.577575
-304.7997533658 -304.8022478328 0.569701
-304.7681894606 -304.7707022251 0.561832
-304.7348009284 -304.7373322940 0.553966
-304.6994825666 -304.7020328451 0.546104
-304.6621228839 -304.6646923980 0.538246
-304.6226039183 -304.6251930051 0.530393
-304.5808008178 -304.5834098248 0.522543
-304.5365810489 -304.5392103405 0.514699
-304.4898035074 -304.4924534629 0.506859
