-914.7454015490 -914.7516006953 2.198794
-914.7724520903 -914.7785681898 2.190819
-914.7980833834 -914.8041153865 2.182845
-914.8223655586 -914.8283125697 2.174871
-914.8453651095 -914.8512263792 2.166897
-914.8671450465 -914.8729199702 2.158924
-914.8877651335 -914.8934532387 2.150950
-914.9072821398 -914.9128830779 2.142977
-914.9257500730 -914.9312636124 2.135004
-914.9432203559 -914.9486463773 2.127031
-914.9597419517 -914.9650804384 2.119059
-914.9753613885 -914.9806124207 2.111086
-914.9901228425 -914.9952865940 2.103114
-915.0040682445 -915.0091449759 2.095142
-915.0172374535 -915.0222275051 2.087170
-915.0296683773 -915.0345721685 2.079199
-915.0413971221 -915.0462151458 2.071227
-915.0524580784 -915.0571908972 2.063256
-915.0628840214 -915.0675322647 2.055285
-915.0727061713 -915.0772705335 2.047315
-915.0819542312 -915.0864354675 2.039344
-915.0906564276 -915.0950553520 2.031374
-915.0988395867 -915.1031570702 2.023404
-915.1065292267 -915.1107661940 2.015435
-915.1137496459 -915.1179070769 2.007465
-915.1205240069 -915.1246029292 1.999496
-915.1268744032 -915.1308758933 1.991527
-915.1328219185 -915.1367470998 1.983558
-915.1383866858 -915.1422367249 1.975590
-915.1435879100 -915.1473640162 1.967621
-915.1484438964 -915.1521473176 1.959653
-915.1529720860 -915.1566041073 1.951686
-915.1571891012 -915.1607510405 1.943718
-915.1611107976 -915.1646040049 1.935751
-915.1647523145 -915.1681781657 1.927784
-915.1681281114 -915.1714880074 1.919818
-915.1712519996 -915.1745473601 1.911851
-915.1741371715 -915.1773694316 1.903885
-915.1767962319 -915.1799668367 1.895919
-915.1792412186 -915.1823516196 1.887954
-915.1814836318 -915.1845352814 1.879989
-915.1835344531 -915.1865287971 1.872024
-915.1854041735 -915.1883426498 1.864059
-915.1871028207 -915.1899868504 1.856095
-915.1886399798 -915.1914709641 1.848131
-915.1900248113 -915.1928041267 1.840167
-915.1912660786 -915.1939950699 1.832204
-915.1923721525 -915.1950521319 1.824241
-915.1933510334 -915.1959832765 1.816278
-915.1942103746 -915.1967961161 1.808316
-915.1949574923 -915.1974979253 1.800354
-915.1955993835 -915.1980956577 1.792392
-915.1961427404 -915.1985959615 1.784431
-915.1965939591 -915.1990051898 1.776470
-915.1969591552 -915.1993294145 1.768509
-915.1972441722 -915.1995744366 1.760549
-915.1974545892 -915.1997457953 1.752589
-915.1975957422 -915.1998487878 1.744629
-915.1976727228 -915.1998884687 1.736670
-915.1976904015 -915.1998696744 1.728711
-915.1976534383 -915.1997970301 1.720753
-915.1975662798 -915.1996749550 1.712795
-915.1974331825 -915.1995076748 1.704837
-915.1972582140 -915.1992992333 1.696880
-915.1970452595 -915.1990534888 1.688923
-915.1967980242 -915.1987741261 1.680966
-915.1965200448 -915.1984646600 1.673010
-915.1962146917 -915.1981284422 1.665055
-915.1958851823 -915.1977686722 1.657099
-915.1955345824 -915.1973883993 1.649145
-915.1951658176 -915.1969905334 1.641190
-915.1947816764 -915.1965778508 1.633236
-915.1943848225 -915.1961529985 1.625283
-915.1939777881 -915.1957184992 1.617330
-915.1935629869 -915.1952767546 1.609378
-915.1931427150 -915.1948300489 1.601426
-915.1927191532 -915.1943805537 1.593474
-915.1922943728 -915.1939303291 1.585523
-915.1918703313 -915.1934813258 1.577572
-915.1914488879 -915.1930353927 1.569622
-915.1910317926 -915.1925942738 1.561673
-915.1906207031 -915.1921596186 1.553724
-915.1902171833 -915.1917329843 1.545775
-915.1898227022 -915.1913158342 1.537827
-915.1894386476 -915.1909095480 1.529880
-915.1890663196 -915.1905154231 1.521933
-915.1887069394 -915.1901346721 1.513987
-915.1883616482 -915.1897684322 1.506041
-915.1880315057 -915.1894177579 1.498096
-915.1877175012 -915.1890836327 1.490151
-915.1874205448 -915.1887669633 1.482207
-915.1871414770 -915.1884685839 1.474264
-915.1868810643 -915.1881892569 1.466321
-915.1866400086 -915.1879296801 1.458379
-915.1864189407 -915.1876904789 1.450437
-915.1862184233 -915.1874722132 1.442496
-915.1860389608 -915.1872753826 1.434556
-915.1858809915 -915.1871004212 1.426617
-915.1857448909 -915.1869477020 1.418678
-915.1856309755 -915.1868175364 1.410740
-915.1855395044 -915.1867101803 1.402802
-915.1854706754 -915.1866258276 1.394865
-915.1854246266 -915.1865646122 1.386929
-915.1854014409 -915.1865266146 1.378994
-915.1854011416 -915.1865118538 1.371060
-915.1854236978 -915.1865202952 1.363126
-915.1854690140 -915.1865518417 1.355193
-915.1855369451 -915.1866063431 1.347261
-915.1856272791 -915.1866835853 1.339329
-915.1857397507 -915.1867833012 1.331399
-915.1858740345 -915.1869051619 1.323469
-915.1860297397 -915.1870487758 1.315540
-915.1862064193 -915.1872136926 1.307612
-915.1864035620 -915.1873993995 1.299685
-915.1866205918 -915.1876053176 1.291759
-915.1868568707 -915.1878308046 1.283833
-915.1871116898 -915.1880751501 1.275909
-915.1873842788 -915.1883375783 1.267985
-915.1876737879 -915.1886172376 1.260063
-915.1879793002 -915.1889132071 1.252141
-915.1882998243 -915.1892244930 1.244221
-915.1886342893 -915.1895500227 1.236302
-915.1889815467 -915.1898886474 1.228383
-915.1893403670 -915.1902391372 1.220466
-915.1897094360 -915.1906001767 1.212550
-915.1900873553 -915.1909703692 1.204634
-915.1904726385 -915.1913482238 1.196720
-915.1908637048 -915.1917321610 1.188807
-915.1912588796 -915.1921204988 1.180896
-915.1916563852 -915.1925114575 1.172985
-915.1920543509 -915.1929031602 1.165076
-915.1924507839 -915.1932936124 1.157168
-915.1928435912 -915.1936807172 1.149261
-915.1932305555 -915.1940622579 1.141356
-915.1936093479 -915.1944359061 1.133452
-915.1939775106 -915.1947992078 1.125549
-915.1943324632 -915.1951495843 1.117647
-915.1946714956 -915.1954843268 1.109747
-915.1949917646 -915.1958005896 1.101849
-915.1952902881 -915.1960953863 1.093952
-915.1955639337 -915.1963655786 1.086056
-915.1958094209 -915.1966078766 1.078162
-915.1960233015 -915.1968188273 1.070270
-915.1962019590 -915.1969948087 1.062379
-915.1963415983 -915.1971320260 1.054490
-915.1964382448 -915.1972265032 1.046602
-915.1964877296 -915.1972740748 1.038716
-915.1964856933 -915.1972703819 1.030832
-915.1964275691 -915.1972108590 1.022950
-915.1963085771 -915.1970907272 1.015070
-915.1961237131 -915.1969049829 1.007191
-915.1958677348 -915.1966483821 0.999315
-915.1955351563 -915.1963154361 0.991440
-915.1951202357 -915.1959003980 0.983567
-915.1946169637 -915.1953972499 0.975697
-915.1940190438 -915.1947996878 0.967828
-915.1933198930 -915.1941011192 0.959962
-915.1925126134 -915.1932946407 0.952098
-915.1915899817 -915.1923730232 0.944237
-915.1905444335 -915.1913287010 0.936377
-915.1893680462 -915.1901537478 0.928520
-915.1880525287 -915.1888398662 0.920666
-915.1865891990 -915.1873783629 0.912814
-915.1849689634 -915.1857601379 0.904965
-915.1831822956 -915.1839756617 0.897118
-915.1812192193 -915.1820149588 0.889274
-915.1790692829 -915.1798675771 0.881433
-915.1767215590 -915.1775225729 0.873594
-915.1741646099 -915.1749684761 0.865759
-915.1713864540 -915.1721932719 0.857927
-915.1683745353 -915.1691843754 0.850098
-915.1651156875 -915.1659286072 0.842272
-915.1615960921 -915.1624121585 0.834449
-915.1578012616 -915.1586205715 0.826630
-915.1537160070 -915.1545387017 0.818814
-915.1493244255 -915.1501506753 0.811002
-915.1446098904 -915.1454398597 0.803193
-915.1395549929 -915.1403888062 0.795389
-915.1341414835 -915.1349792077 0.787588
-915.1283502016 -915.1291918648 0.779791
-915.1221610262 -915.1230066530 0.771999
-915.1155528367 -915.1164024833 0.764210
-915.1085034834 -915.1093572473 0.756427
-915.1009897544 -915.1018477617 0.748647
-915.0929873069 -915.0938496975 0.740873
-915.0844705923 -915.0853375148 0.733103
-915.0754127642 -915.0762843772 0.725338
-915.0657855996 -915.0666620834 0.717579
-915.0555594282 -915.0564409870 0.709825
-915.0447031025 -915.0455899437 0.702076
-915.0331839863 -915.0340762581 0.694333
-915.0209678866 -915.0218655901 0.686596
-915.0080189500 -915.0089218714 0.678865
-914.9942994825 -914.9952071974 0.671140
-914.9797697610 -914.9806817183 0.663422
-914.9643878394 -914.9653035080 0.655710
-914.9481094142 -914.9490284416 0.648006
-914.9308877266 -914.9318100689 0.640309
-914.9126735371 -914.9135995186 0.632619
-914.8934151456 -914.8943454064 0.624937