0.2920370542 1.811402 
0.2726942485 1.803415 
0.2544494697 1.795428 
0.2372453074 1.787441 
0.2210274747 1.779454 
0.2057446466 1.771467 
0.1913482712 1.76348 
0.1777924045 1.755494 
0.1650335372 1.747507 
0.1530304405 1.739521 
0.1417440263 1.731535 
0.1311372235 1.723548 
0.1211748707 1.715562 
0.1118236203 1.707577 
0.1030518312 1.699591 
0.0948294668 1.691605 
0.0871280009 1.68362 
0.0799203253 1.675635 
0.0731806669 1.667649 
0.0668845189 1.659664 
0.0610085688 1.651679 
0.055530639 1.643695 
0.0504296287 1.63571 
0.0456854649 1.627726 
0.0412790432 1.619741 
0.0371921815 1.611757 
0.033407565 1.603773 
0.0299087072 1.59579 
0.0266799063 1.587806 
0.0237062012 1.579822 
0.0209733456 1.571839 
0.0184677633 1.563856 
0.0161765225 1.555873 
0.0140873051 1.54789 
0.0121883789 1.539908 
0.0104685664 1.531925 
0.0089172233 1.523943 
0.0075242161 1.515961 
0.0062798928 1.507979 
0.0051750642 1.499997 
0.0042009845 1.492016 
0.0033493268 1.484035 
0.0026121666 1.476054 
0.0019819612 1.468073 
0.0014515334 1.460092 
0.0010140606 1.452112 
0.0006630527 1.444131 
0.0003923501 1.436151 
0.000196102 1.428172 
6.875770003e-05 1.222222 
5.051900018e-06 1.412213 
0 1.404234 
4.887080001e-05 1.396255 
0.0001471943 1.388276 
0.0002907372 1.380298 
0.0004755063 1.37232 
0.0006977309 1.364342 
0.0009538644 1.356364 
0.0012405697 1.348387 
0.0015547209 1.34041 
0.0018933936 1.332433 
0.0022538557 1.324456 
0.0026335654 1.31648 
0.0030301697 1.308504 
0.0034414926 1.300529 
0.0038655375 1.292553 
0.0043004786 1.284578 
0.0047446606 1.276604 
0.0051965985 1.268629 
0.0056549674 1.260655 
0.0061186125 1.252681 
0.0065865356 1.244708 
0.0070579019 1.236735 
0.0075320357 1.228762 
0.0080084186 1.22079 
0.0084866909 1.212818 
0.0089666494 1.204846 
0.0094482482 1.196875 
0.0099316044 1.188904 
0.0104169946 1.180934 
0.0109048553 1.172964 
0.0113957925 1.164994 
0.0118905767 1.157025 
0.0123901499 1.149056 
0.0128956245 1.141088 
0.01340829 1.13312 
0.0139296135 1.125152 
0.0144612435 1.117185 
0.0150050135 1.109219 
0.0155629461 1.101253 
0.0161372605 1.093287 
0.0167303747 1.085322 
0.0173449144 1.077358 
0.0179837258 1.069394 
0.0186498747 1.06143 
0.0193466557 1.053467 
0.0200776086 1.045505 
0.0208465096 1.037543 
0.0216573934 1.029582 
0.022514551 1.021622 
0.0234297073 1.013662 
0.0244006608 1.005702 
0.0254325436 0.997744 
0.0265307969 0.989786 
0.0277011816 0.981829 
0.0289497876 0.973872 
0.030283055 0.965916 
0.0317077829 0.957961 
0.0332311438 0.950007 
0.0348607002 0.942053 
0.0366044205 0.9341 
0.038470699 0.926148 
0.0404683725 0.918197 
0.0426067445 0.910247 
0.044895602 0.902297 
0.0473452422 0.894349 
0.0499664854 0.886401 
0.0527707066 0.878455 
0.0557698613 0.870509 
0.0589765119 0.862564 
0.0624038627 0.854621 
0.0660657806 0.846678 
0.0699768386 0.838737 
0.0741523362 0.830796 
0.0786083432 0.822857 
0.0833617293 0.814919 
0.0884302226 0.806982 
0.0938324479 0.799047 
0.099587983 0.791112 
0.1057174067 0.78318 
0.112242338 0.775248 
0.1191854824 0.767318 
0.1265707 0.759389 
0.1344230701 0.751462 
0.1427689796 0.743537 
0.1516362003 0.735613 
0.1610539827 0.727691 
0.1710531624 0.71977 
0.1816662484 0.711851 
0.1929275179 0.703934 
0.2048730929 0.696019 
0.2175410144 0.688106 
0.2309713519 0.680195 
0.2452063418 0.672286 
0.2602905149 0.664379 
0.2762708758 0.656475 
0.2931971176 0.648573 
0.3111217696 0.640673 
0.3301003653 0.632776 
0.3501915817 0.624881 
0.3714574541 0.616989 
0.3939636487 0.6091 
0.4177797391 0.601214 
0.4429794446 0.593331 
0.4696408927 0.585451 
0.4978468828 0.577575 
0.5276852207 0.569701 
0.5592491259 0.561832 
0.5926376581 0.553966 
0.6279560199 0.546104 
0.6653157026 0.538246 
0.7048346682 0.530393 
0.7466377687 0.522543 
0.7908575376 0.514699 
0.8376350791 0.506859 
