0.2925243299 0.2920370542 
0.2731715162 0.2726942485 
0.2549169251 0.2544494697 
0.2377029292 0.2372453074 
0.2214752499 0.2210274747 
0.2061826864 0.2057446466 
0.191776735 0.1913482712 
0.1782113008 0.1777924045 
0.165442587 0.1650335372 
0.153429139 0.1530304405 
0.142131829 0.1417440263 
0.1315136925 0.1311372235 
0.1215396642 0.1211748707 
0.1121764029 0.1118236203 
0.1033922244 0.1030518312 
0.0951571443 0.0948294668 
0.0874428488 0.0871280009 
0.0802225308 0.0799203253 
0.0734706777 0.0731806669 
0.0671629133 0.0668845189 
0.061275894 0.0610085688 
0.0557873031 0.055530639 
0.0506759104 0.0504296287 
0.0459215831 0.0456854649 
0.0415052088 0.0412790432 
0.0374086063 0.0371921815 
0.0336144301 0.033407565 
0.0301061138 0.0299087072 
0.0268678346 0.0266799063 
0.0238844894 0.0237062012 
0.0211417202 0.0209733456 
0.0186259277 0.0184677633 
0.0163242974 0.0161765225 
0.0142247359 0.0140873051 
0.0123158108 0.0121883789 
0.0105865784 0.0104685664 
0.009026272 0.0089172233 
0.0076242679 0.0075242161 
0.0063706099 0.0062798928 
0.0052565273 0.0051750642 
0.0042737631 0.0042009845 
0.003414036 0.0033493268 
0.0026698671 0.0026121666 
0.0020329448 0.0019819612 
0.0014940485 0.0014515334 
0.0010474437 0.0010140606 
0.0006890444 0.0006630527 
0.0004129549 0.0003923501 
0.0002121106 0.000196102 
7.98195e-05 6.875770003e-05 
1.064420002e-05 5.051900018e-06 
0 0 
4.349060004e-05 4.887080001e-05 
0.0001367244 0.0001471943 
0.0002755018 0.0002907372 
0.000455871 0.0004755063 
0.0006740561 0.0006977309 
0.0009264745 0.0009538644 
0.0012097553 0.0012405697 
0.0015207886 0.0015547209 
0.0018566885 0.0018933936 
0.0022147613 0.0022538557 
0.002592472 0.0026335654 
0.002987451 0.0030301697 
0.0033974893 0.0034414926 
0.0038205522 0.0038655375 
0.0042547879 0.0043004786 
0.0046985268 0.0047446606 
0.005150281 0.0051965985 
0.0056087351 0.0056549674 
0.006072748 0.0061186125 
0.0065413294 0.0065865356 
0.0070136484 0.0070579019 
0.0074890259 0.0075320357 
0.0079669398 0.0080084186 
0.0084470207 0.0084866909 
0.0089290602 0.0089666494 
0.0094130128 0.0094482482 
0.0098989947 0.0099316044 
0.0103872838 0.0104169946 
0.0108783195 0.0109048553 
0.011372704 0.0113957925 
0.0118712066 0.0118905767 
0.0123747599 0.0123901499 
0.0128844697 0.0128956245 
0.0134016187 0.01340829 
0.0139276594 0.0139296135 
0.0144642323 0.0144612435 
0.015013167 0.0150050135 
0.0155764742 0.0155629461 
0.0161563701 0.0161372605 
0.0167552622 0.0167303747 
0.0173757685 0.0173449144 
0.01802073 0.0179837258 
0.0186932003 0.0186498747 
0.0193964667 0.0193466557 
0.0201340583 0.0200776086 
0.0209097403 0.0208465096 
0.0217275406 0.0216573934 
0.0225917412 0.022514551 
0.0235068975 0.0234225453 
0.024477851 0.0243862205 
0.0255097338 0.0254107126 
0.0266079871 0.0265014644 
0.0277783718 0.0276642359 
0.0290269778 0.0289051182 
0.0303602452 0.0302305498 
0.0317849731 0.0316473271 
0.033308334 0.0331626219 
0.0349378904 0.0347839916 
0.0366816107 0.0365194029 
0.0385478892 0.0383772461 
0.0405455627 0.0403663542 
0.0426839347 0.0424960263 
0.0449727922 0.0447760452 
0.0474224324 0.0472167016 
0.0500436756 0.0498288115 
0.0528478968 0.0526237445 
0.0558470515 0.0556134514 
0.0590537021 0.0588104901 
0.0624810529 0.0622280584 
0.0661429708 0.0658800194 
0.0700540288 0.0697809395 
0.0742295264 0.0739461151 
0.0786855334 0.0783916098 
0.0834389195 0.0831342902 
0.0885074128 0.0881918791 
0.0939096381 0.0935829989 
0.0996651732 0.0993272223 
0.1057945969 0.1054451265 
0.1123195282 0.1119583265 
0.1192626726 0.118889524 
0.1266478902 0.126262577 
0.1345002603 0.1341025644 
0.1428461698 0.1424358685 
0.1517133905 0.1512902594 
0.1611311729 0.1606949875 
0.1711303526 0.1706808852 
0.1817434386 0.1812804617 
0.1930047081 0.1925279927 
0.2049502831 0.2044595994 
0.2176182046 0.2171133207 
0.2310485421 0.2305292263 
0.245283532 0.2447495503 
0.2603677051 0.2598188211 
0.276348066 0.2757840458 
0.2932743078 0.2926949075 
0.3111989598 0.310603937 
0.3301775555 0.3295666636 
0.3502687719 0.3496417612 
0.3715346443 0.3708912612 
0.3940408389 0.393380825 
0.4178569293 0.4171800208 
0.4430566348 0.4423625649 
0.4697180829 0.4690065781 
0.497924073 0.4971948512 
0.5277624109 0.5270151878 
0.5593263161 0.5585607955 
0.5927148483 0.5919307266 
0.6280332101 0.6272301755 
0.6653928928 0.6645706226 
0.7049118584 0.7040700155 
0.7467149589 0.7458531958 
0.7909347278 0.7900526801 
0.8377122693 0.8368095577 
