0.2924471397 0.2920370542 0.2920370542 1.811402
0.273094326 0.2726942485 0.2726942485 1.803415
0.2548397349 0.2544494697 0.2544494697 1.795428
0.237625739 0.2372453074 0.2372453074 1.787441
0.2213980597 0.2210274747 0.2210274747 1.779454
0.2061054962 0.2057446466 0.2057446466 1.771467
0.1916995448 0.1913482712 0.1913482712 1.76348
0.1781341106 0.1777924045 0.1777924045 1.755494
0.1653653968 0.1650335372 0.1650335372 1.747507
0.1533519488 0.1530304405 0.1530304405 1.739521
0.1420546388 0.1417440263 0.1417440263 1.731535
0.1314365023 0.1311372235 0.1311372235 1.723548
0.121462474 0.1211748707 0.1211748707 1.715562
0.1120992127 0.1118236203 0.1118236203 1.707577
0.1033150342 0.1030518312 0.1030518312 1.699591
0.0950799541 0.0948294668 0.0948294668 1.691605
0.0873656586 0.0871280009 0.0871280009 1.68362
0.0801453406 0.0799203253 0.0799203253 1.675635
0.0733934875 0.0731806669 0.0731806669 1.667649
0.0670857231 0.0668845189 0.0668845189 1.659664
0.0611987038 0.0610085688 0.0610085688 1.651679
0.0557101129 0.055530639 0.055530639 1.643695
0.0505987202 0.0504296287 0.0504296287 1.63571
0.0458443929 0.0456854649 0.0456854649 1.627726
0.0414280186 0.0412790432 0.0412790432 1.619741
0.0373314161 0.0371921815 0.0371921815 1.611757
0.0335372399 0.033407565 0.033407565 1.603773
0.0300289236 0.0299087072 0.0299087072 1.59579
0.0267906444 0.0266799063 0.0266799063 1.587806
0.0238072992 0.0237062012 0.0237062012 1.579822
0.02106453 0.0209733456 0.0209733456 1.571839
0.0185487375 0.0184677633 0.0184677633 1.563856
0.0162471072 0.0161765225 0.0161765225 1.555873
0.0141475457 0.0140873051 0.0140873051 1.54789
0.0122386206 0.0121883789 0.0121883789 1.539908
0.0105093882 0.0104685664 0.0104685664 1.531925
0.0089490818 0.0089172233 0.0089172233 1.523943
0.0075470777 0.0075242161 0.0075242161 1.515961
0.0062934197 0.0062798928 0.0062798928 1.507979
0.0051793371 0.0051750642 0.0051750642 1.499997
0.0041965729 0.0042009845 0.0041965729 1.492016
0.0033368458 0.0033493268 0.0033368458 1.484035
0.0025926769 0.0026121666 0.0025926769 1.476054
0.0019557546 0.0019819612 0.0019557546 1.468073
0.0014168583 0.0014515334 0.0014168583 1.460092
0.0009702535 0.0010140606 0.0009702535 1.452112
0.0006118542 0.0006630527 0.0006118542 1.444131
0.0003357647 0.0003923501 0.0003357647 1.436151
0.0001349204 0.000196102 0.0001349204 1.428172
2.629300013e-06 6.875770003e-05 2.629300013e-06 1.222222
-6.654599997e-05 5.051900018e-06 5.051900018e-06 1.412213
-7.719019999e-05 0 0 1.404234
-3.369959995e-05 4.887080001e-05 -3.369959995e-05 1.396255
5.953420003e-05 0.0001471943 5.953420003e-05 1.388276
0.0001983116 0.0002907372 0.0001983116 1.380298
0.0003786808 0.0004755063 0.0003786808 1.37232
0.0005968659 0.0006977309 0.0005968659 1.364342
0.0008492843 0.0009538644 0.0008492843 1.356364
0.0011325651 0.0012405697 0.0011325651 1.348387
0.0014435984 0.0015547209 0.0014435984 1.34041
0.0017794983 0.0018933936 0.0017794983 1.332433
0.0021375711 0.0022538557 0.0021375711 1.324456
0.0025152818 0.0026335654 0.0025152818 1.31648
0.0029102608 0.0030301697 0.0029102608 1.308504
0.0033202991 0.0034414926 0.0033202991 1.300529
0.003743362 0.0038655375 0.003743362 1.292553
0.0041775977 0.0043004786 0.0041775977 1.284578
0.0046213366 0.0047446606 0.0046213366 1.276604
0.0050730908 0.0051965985 0.0050730908 1.268629
0.0055315449 0.0056549674 0.0055315449 1.260655
0.0059955578 0.0061186125 0.0059955578 1.252681
0.0064641392 0.0065865356 0.0064641392 1.244708
0.0069364582 0.0070579019 0.0069364582 1.236735
0.0074118357 0.0075320357 0.0074118357 1.228762
0.0078897496 0.0080084186 0.0078897496 1.22079
0.0083698305 0.0084866909 0.008369855657 1.212818
0.00885187 0.0089666494 0.008851911647 1.204846
0.0093358226 0.0094482482 0.009335890079 1.196875
0.0098218045 0.0099316044 0.009821911509 1.188904
0.0103100936 0.0104169946 0.01031025965 1.180934
0.0108011293 0.0109048553 0.01080138142 1.172964
0.0112955138 0.0113957925 0.01129588827 1.164994
0.0117940164 0.0118905767 0.01179456035 1.157025
0.0122975697 0.0123901499 0.01229834232 1.149056
0.0128072795 0.0128956245 0.01280835222 1.141088
0.0133244285 0.01340829 0.01332588387 1.13312
0.0138504692 0.0139296135 0.01385239784 1.125152
0.0143870421 0.0144612435 0.01438953687 1.117185
0.0149359768 0.0150050135 0.01493912406 1.109219
0.015499284 0.0155629461 0.01550315226 1.101253
0.0160791799 0.0161372605 0.01608380469 1.093287
0.016678072 0.0167303747 0.01668343913 1.085322
0.0172985783 0.0173449144 0.01730460586 1.077358
0.0179435398 0.0179837258 0.01795006038 1.069394
0.0186160101 0.0186498747 0.01862275645 1.06143
0.0193192765 0.0193466557 0.01932587002 1.053467
0.0200568681 0.0200776086 0.0200628154 1.045505
0.0208325501 0.0208465096 0.02083724683 1.037543
0.0216503504 0.0216573934 0.02165309147 1.029582
0.022514551 0.022514551 0.022514551 1.021622
0.0234297073 0.0234225453 0.0234261263 1.013662
0.0244006608 0.0243862205 0.02439263268 1.005702
0.0254325436 0.0254107126 0.02541920932 0.997744
0.0265307969 0.0265014644 0.02651133438 0.989786
0.0277011816 0.0276642359 0.02767483223 0.981829
0.0289497876 0.0289051182 0.02891587928 0.973872
0.030283055 0.0302305498 0.03024101535 0.965916
0.0317077829 0.0316473271 0.0316571448 0.957961
0.0332311438 0.0331626219 0.03317154598 0.950007
0.0348607002 0.0347839916 0.03479187556 0.942053
0.0366044205 0.0365194029 0.03652618664 0.9341
0.038470699 0.0383772461 0.03838293985 0.926148
0.0404683725 0.0403663542 0.04037102094 0.918197
0.0426067445 0.0424960263 0.04249976465 0.910247
0.044895602 0.0447760452 0.04477897378 0.902297
0.0473452422 0.0472167016 0.04721894652 0.894349
0.0499664854 0.0498288115 0.0498304959 0.886401
0.0527707066 0.0526237445 0.05262498205 0.878455
0.0557698613 0.0556134514 0.05561434187 0.870509
0.0589765119 0.0588104901 0.05881111776 0.862564
0.0624038627 0.0622280584 0.06222849189 0.854621
0.0660657806 0.0658800194 0.06588031275 0.846678
0.0699768386 0.0697809395 0.06978113406 0.838737
0.0741523362 0.0739461151 0.07394624157 0.830796
0.0786083432 0.0783916098 0.07839169038 0.822857
0.0833617293 0.0831342902 0.08313434053 0.814919
0.0884302226 0.0881918791 0.0881918791 0.806982
0.0938324479 0.0935829989 0.0935829989 0.799047
0.099587983 0.0993272223 0.0993272223 0.791112
0.1057174067 0.1054451265 0.1054451265 0.78318
0.112242338 0.1119583265 0.1119583265 0.775248
0.1191854824 0.118889524 0.118889524 0.767318
0.1265707 0.126262577 0.126262577 0.759389
0.1344230701 0.1341025644 0.1341025644 0.751462
0.1427689796 0.1424358685 0.1424358685 0.743537
0.1516362003 0.1512902594 0.1512902594 0.735613
0.1610539827 0.1606949875 0.1606949875 0.727691
0.1710531624 0.1706808852 0.1706808852 0.71977
0.1816662484 0.1812804617 0.1812804617 0.711851
0.1929275179 0.1925279927 0.1925279927 0.703934
0.2048730929 0.2044595994 0.2044595994 0.696019
0.2175410144 0.2171133207 0.2171133207 0.688106
0.2309713519 0.2305292263 0.2305292263 0.680195
0.2452063418 0.2447495503 0.2447495503 0.672286
0.2602905149 0.2598188211 0.2598188211 0.664379
0.2762708758 0.2757840458 0.2757840458 0.656475
0.2931971176 0.2926949075 0.2926949075 0.648573
0.3111217696 0.310603937 0.310603937 0.640673
0.3301003653 0.3295666636 0.3295666636 0.632776
0.3501915817 0.3496417612 0.3496417612 0.624881
0.3714574541 0.3708912612 0.3708912612 0.616989
0.3939636487 0.393380825 0.393380825 0.6091
0.4177797391 0.4171800208 0.4171800208 0.601214
0.4429794446 0.4423625649 0.4423625649 0.593331
0.4696408927 0.4690065781 0.4690065781 0.585451
0.4978468828 0.4971948512 0.4971948512 0.577575
0.5276852207 0.5270151878 0.5270151878 0.569701
0.5592491259 0.5585607955 0.5585607955 0.561832
0.5926376581 0.5919307266 0.5919307266 0.553966
0.6279560199 0.6272301755 0.6272301755 0.546104
0.6653157026 0.6645706226 0.6645706226 0.538246
0.7048346682 0.7040700155 0.7040700155 0.530393
0.7466377687 0.7458531958 0.7458531958 0.522543
0.7908575376 0.7900526801 0.7900526801 0.514699
0.8376350791 0.8368095577 0.8368095577 0.506859
